function y = f(x)
y = -1.993039260904793 * x^2 + 1298.468077268899 * x - 205493.6346802860;
end