function y = f(x)
y = 400 * x^5 - 900 * x^4 + 675 * x^3 - 200 * x^2 + 25 * x + 0.2;
end